hg
Chip Chan	RMS
2 10	1282.38	1160
2 12	1280.73	1157
2 20	1280.59	1157
2 4	1279.60	1153
2 18	1279.54	1157
2 0	1278.48	1148
2 8	1278.12	1152
2 48	1276.74	1155
2 30	1276.10	1154
2 6	1276.03	1154
2 32	1275.84	1154
2 2	1275.49	1146
2 40	1275.29	1155
2 14	1274.64	1148
2 44	1274.62	1151
2 62	1273.60	1152
2 36	1273.45	1153
2 28	1273.43	1152
2 46	1273.39	1154
2 52	1272.06	1152
2 42	1272.00	1152
2 56	1272.00	1151
2 38	1271.92	1152
2 50	1271.77	1148
2 24	1271.13	1146
2 54	1271.05	1149
2 58	1269.92	1150
0 8	1268.15	1139
0 2	1267.67	1136
0 6	1267.64	1134
0 26	1266.28	1138
0 16	1265.08	1136
0 14	1264.80	1136
0 4	1264.01	1131
0 24	1264.01	1138
0 42	1262.93	1134
0 22	1262.82	1134
0 18	1262.51	1131
0 32	1262.46	1135
0 52	1261.49	1134
0 30	1261.23	1133
0 36	1260.97	1133
0 38	1260.21	1131
0 40	1260.01	1131
0 46	1259.63	1131
0 44	1259.47	1132
0 58	1259.00	1131
0 50	1258.43	1128
0 28	1258.37	1119
0 54	1258.10	1131
0 56	1257.98	1130
0 62	1256.91	1129
0 34	1255.85	1127
3 6	1242.83	1114
3 16	1240.31	1113
3 18	1240.25	1116
3 12	1239.94	1111
3 2	1239.94	1111
3 0	1239.88	1110
3 4	1239.75	1112
3 22	1239.31	1114
3 8	1239.03	1110
3 28	1238.91	1112
3 20	1238.88	1113
1 4	1237.76	1116
3 44	1236.52	1110
1 6	1236.35	1113
3 54	1236.32	1110
3 30	1236.29	1109
3 48	1235.89	1110
1 2	1235.86	1113
3 24	1235.72	1108
3 14	1235.51	1108
3 32	1235.40	1106
3 38	1235.36	1110
1 10	1235.20	1112
3 40	1234.73	1110
3 34	1234.25	1108
3 36	1233.98	1108
3 62	1233.44	1108
3 42	1233.15	1108
3 52	1232.92	1108
1 26	1232.82	1112
1 14	1232.74	1112
3 60	1232.73	1100
3 58	1231.61	1105
1 20	1231.30	1108
1 22	1230.79	1108
1 18	1230.02	1108
1 30	1229.76	1110
1 36	1229.63	1109
1 48	1229.50	1111
1 24	1229.33	1108
1 28	1229.21	1107
1 32	1228.74	1109
1 56	1228.17	1108
1 58	1228.10	1109
1 8	1228.02	1105
1 46	1227.36	1108
1 60	1226.82	1107
1 40	1226.70	1107
1 50	1226.68	1107
1 52	1225.93	1105
1 38	1225.91	1104
1 34	1225.32	1104
3 26	1225.10	1094
1 0	1218.04	1094
1 44	1217.76	1094
2 22	1165.46	1052
2 26	1161.70	1048
2 60	1159.97	1043
0 12	1146.90	1026
0 10	1141.95	1019
0 0	1141.88	899
0 48	1140.17	1018
3 50	1125.72	1006
3 10	1124.67	1006
3 56	1117.01	999
1 16	1114.80	1007
1 62	1111.57	1005
1 54	1106.73	999
2 16	1034.92	936
2 34	1022.47	924
0 20	1017.73	907
0 60	1011.06	902
3 46	994.66	893
1 12	983.09	886
1 42	461.48	442
2 55	39.99	238
2 57	39.83	238
2 63	39.76	235
2 59	39.65	243
2 61	39.65	239
2 49	39.61	237
2 45	39.61	258
2 53	39.51	230
2 51	39.49	239
3 57	39.39	230
2 43	39.33	246
2 47	39.26	232
2 41	39.02	247
2 37	38.87	245
3 63	38.83	233
3 55	38.75	219
2 39	38.73	235
3 53	38.73	223
2 35	38.71	241
3 47	38.67	225
3 49	38.61	235
3 59	38.51	234
3 45	38.47	235
3 51	38.40	227
3 61	38.35	225
3 39	38.27	227
0 57	38.21	222
3 37	38.17	233
3 43	38.12	228
3 35	38.05	229
2 29	38.00	244
2 31	37.99	241
3 41	37.89	241
0 63	37.79	228
3 33	37.78	233
2 33	37.72	231
0 51	37.41	224
0 59	37.41	212
0 55	37.38	213
3 31	37.37	226
2 27	37.35	237
0 61	37.17	223
0 43	37.17	222
3 25	37.09	231
0 45	37.06	224
0 39	37.06	220
3 23	37.02	229
3 27	37.01	223
2 25	36.97	247
0 41	36.97	219
0 53	36.96	229
3 29	36.80	224
0 47	36.80	215
3 19	36.69	222
2 21	36.64	242
2 19	36.56	239
3 21	36.56	226
0 49	36.55	217
2 23	36.44	246
3 17	36.43	224
1 59	36.40	240
0 35	36.32	227
0 37	36.28	216
2 17	36.27	240
0 33	36.19	227
1 57	36.17	228
1 63	36.05	223
1 55	36.02	225
0 31	35.99	231
1 51	35.97	230
0 27	35.91	224
1 61	35.86	231
1 47	35.80	235
1 49	35.74	236
2 13	35.70	247
1 53	35.69	233
1 45	35.66	237
3 13	35.59	220
0 29	35.55	221
1 41	35.47	228
0 25	35.47	219
2 15	35.44	237
1 39	35.37	223
3 11	35.28	223
2 11	35.27	241
2 9	35.24	227
1 43	35.06	234
0 23	35.06	232
3 15	35.03	238
1 35	35.03	226
1 37	34.95	236
1 33	34.92	234
3 7	34.90	236
2 7	34.89	247
0 21	34.81	224
3 9	34.75	227
1 29	34.74	243
1 31	34.69	233
2 5	34.69	237
0 17	34.51	226
0 19	34.45	227
1 25	34.29	239
1 27	34.26	226
3 5	34.23	232
1 21	34.13	229
0 13	34.04	228
1 23	33.95	235
2 3	33.88	250
0 15	33.81	229
0 11	33.58	224
2 1	33.49	242
0 7	33.46	216
3 3	33.39	234
1 19	33.30	232
3 1	33.22	225
0 9	33.13	226
1 17	32.96	235
0 5	32.82	232
1 15	32.73	234
1 9	32.55	240
0 3	32.26	236
1 13	32.25	236
1 11	32.20	230
1 7	31.92	227
1 5	31.65	233
0 1	31.53	231
1 3	31.18	236
1 1	31.02	227
