hg
Chip Chan	RMS
2 10	1235.93	1081
2 12	1234.16	1077
2 20	1233.41	1078
2 18	1232.22	1077
2 8	1231.11	1072
2 4	1230.47	1075
2 6	1230.14	1076
2 32	1230.00	1076
2 48	1229.66	1076
2 30	1229.65	1075
2 40	1228.98	1077
2 44	1228.44	1073
2 0	1228.23	1076
2 28	1228.16	1074
2 14	1228.12	1068
2 36	1228.11	1076
2 46	1227.57	1076
2 62	1227.24	1074
2 56	1226.55	1073
2 52	1225.89	1074
2 42	1225.78	1074
2 38	1225.73	1073
2 50	1225.35	1070
2 54	1224.91	1071
2 24	1224.50	1067
0 8	1224.02	1065
2 58	1223.95	1073
0 6	1223.55	1059
0 2	1223.24	1061
0 26	1222.06	1064
0 16	1221.34	1063
0 14	1221.19	1062
0 24	1220.84	1065
0 22	1220.14	1062
0 18	1220.04	1057
0 4	1219.79	1058
0 42	1219.52	1060
0 32	1219.35	1061
0 52	1218.58	1061
0 30	1218.30	1060
2 2	1217.90	1076
0 36	1217.76	1059
0 38	1217.21	1056
0 40	1216.66	1056
0 46	1216.16	1056
0 44	1216.10	1059
0 58	1215.90	1058
0 56	1215.34	1057
0 54	1215.11	1056
0 50	1214.91	1054
0 62	1214.07	1055
0 34	1213.34	1052
0 28	1207.77	1056
3 6	1199.12	1043
3 4	1196.29	1040
3 0	1196.19	1039
3 18	1196.18	1045
3 2	1196.05	1040
3 12	1195.97	1040
3 16	1195.92	1043
3 8	1195.35	1039
3 20	1195.27	1043
1 4	1194.94	1040
3 22	1194.74	1044
3 28	1194.63	1041
1 6	1193.80	1038
1 2	1193.67	1037
3 30	1193.02	1038
3 44	1192.78	1040
3 54	1192.69	1040
3 24	1192.64	1039
3 14	1192.55	1038
3 48	1192.29	1041
3 38	1192.23	1040
3 40	1192.18	1042
1 10	1192.07	1036
3 32	1192.02	1036
3 34	1191.33	1039
3 36	1190.97	1039
3 52	1190.00	1040
1 26	1190.00	1036
3 62	1189.98	1039
3 42	1189.54	1038
1 20	1189.36	1033
1 30	1189.29	1035
1 14	1189.27	1036
1 18	1188.40	1033
3 58	1188.28	1037
1 22	1188.08	1033
1 48	1188.08	1037
1 36	1188.07	1035
1 8	1187.83	1031
1 32	1187.35	1032
1 28	1187.26	1033
1 24	1187.24	1033
1 56	1186.47	1033
1 58	1186.16	1034
1 46	1185.35	1032
1 60	1185.04	1032
1 40	1184.93	1032
1 50	1184.84	1031
3 60	1184.69	1040
1 52	1184.41	1031
1 38	1183.96	1030
1 34	1183.93	1030
3 26	1183.27	1025
1 44	1174.74	1017
2 22	1147.61	991
2 26	1143.85	987
2 60	1140.19	985
1 0	1139.25	1012
0 12	1131.07	970
0 10	1127.76	965
0 48	1124.76	964
3 10	1107.63	952
3 50	1106.68	951
1 16	1103.38	953
3 56	1100.05	946
1 62	1098.32	950
1 54	1093.96	944
2 16	1061.14	921
2 34	1047.84	910
0 20	1042.93	898
0 60	1035.26	891
3 46	1017.49	879
1 12	1010.98	877
0 0	932.77	700
1 42	520.38	480
3 57	132.75	226
3 55	131.00	215
3 47	130.14	221
2 55	130.03	235
3 53	129.71	219
3 49	129.42	231
3 51	129.08	223
3 45	128.80	231
0 57	128.59	219
2 49	128.55	234
3 63	128.39	230
3 59	128.29	230
3 43	128.26	224
2 57	128.25	236
2 45	127.98	255
2 53	127.89	227
3 39	127.75	223
2 43	127.40	243
2 51	127.32	236
2 47	127.13	229
3 61	126.93	221
3 37	126.89	230
2 61	126.37	236
2 59	125.88	241
0 55	125.87	211
3 35	125.73	226
2 37	125.72	242
3 41	125.63	237
2 41	125.62	244
2 35	125.51	237
3 33	125.45	229
0 59	125.45	209
2 39	125.15	233
0 63	125.13	226
3 25	125.07	227
2 63	124.99	233
0 51	124.76	221
0 61	124.63	221
3 19	124.63	218
0 43	124.18	220
3 31	124.18	222
3 27	124.12	219
0 53	123.88	226
3 23	123.84	225
0 45	123.74	221
0 41	123.69	216
0 39	123.62	218
0 47	123.24	213
0 49	122.93	215
3 21	122.71	222
3 29	122.61	220
2 29	122.59	241
3 17	122.43	221
2 31	122.10	238
2 33	122.08	228
2 27	121.87	235
1 57	121.47	227
1 59	121.16	238
0 35	121.15	225
1 55	120.93	223
0 33	120.58	225
3 13	120.57	216
1 61	120.45	230
0 37	120.42	214
2 25	120.21	244
3 15	120.16	233
0 27	120.15	222
1 53	120.10	231
1 51	120.02	228
0 31	119.98	228
2 21	119.86	239
2 19	119.66	236
2 17	119.60	237
3 11	119.48	219
1 63	119.44	222
0 29	119.27	218
1 47	119.22	233
3 7	119.15	232
2 15	119.14	234
1 49	119.09	234
2 23	118.72	243
0 25	118.70	217
3 9	118.69	223
0 23	118.42	229
1 45	118.33	235
0 21	118.13	221
2 13	117.85	244
3 5	117.55	228
1 43	117.42	232
1 41	117.34	226
2 11	116.91	238
1 39	116.81	221
2 9	116.55	223
0 19	116.51	224
0 13	116.48	225
0 15	116.41	226
0 17	116.39	223
2 7	115.72	244
1 35	115.54	224
0 7	115.39	213
0 11	115.19	221
1 37	115.07	235
2 5	115.00	233
1 33	114.52	232
1 29	114.26	241
3 3	114.15	230
1 31	114.11	231
1 25	113.94	236
0 9	113.87	223
1 23	113.43	232
1 21	113.43	226
2 3	113.31	246
1 27	113.26	224
3 1	112.66	221
0 5	112.48	229
1 19	111.83	230
2 1	111.13	240
1 15	110.96	232
1 17	110.95	233
0 3	110.71	233
1 9	110.66	237
1 11	110.34	228
1 13	108.98	234
0 1	108.96	228
1 5	107.67	230
1 7	107.54	224
1 3	106.09	234
1 1	105.29	225
