hg
Chip Chan	RMS
2 10	1236.81	1046
2 12	1235.23	1043
2 20	1233.69	1042
2 4	1232.97	1041
2 0	1232.56	1046
2 18	1231.44	1041
2 6	1231.19	1042
2 30	1230.69	1040
2 8	1230.69	1036
2 32	1230.61	1040
2 40	1230.04	1043
2 48	1229.31	1040
2 2	1228.42	1053
2 36	1228.30	1041
2 44	1228.18	1037
2 14	1228.12	1032
2 46	1228.09	1041
2 28	1227.68	1039
2 62	1227.40	1038
2 56	1227.27	1038
2 42	1226.62	1040
2 38	1226.52	1038
2 52	1226.19	1039
2 54	1225.22	1035
2 24	1224.58	1031
2 50	1224.45	1034
0 8	1223.87	1032
2 58	1223.75	1037
0 2	1223.55	1027
0 6	1223.41	1025
0 26	1222.49	1031
0 16	1221.19	1030
0 14	1220.94	1029
0 24	1220.66	1031
0 4	1220.24	1022
0 22	1220.01	1026
0 18	1219.51	1024
0 42	1219.14	1026
0 32	1218.97	1028
0 52	1218.50	1028
0 30	1218.26	1027
0 36	1217.55	1026
0 38	1216.97	1024
0 40	1216.81	1021
0 46	1216.30	1022
0 44	1216.07	1025
0 58	1216.00	1024
0 50	1214.87	1020
0 56	1214.79	1023
0 54	1214.72	1025
0 28	1214.03	1032
0 62	1213.34	1022
0 34	1213.05	1020
3 6	1199.54	1007
3 12	1196.59	1005
3 0	1196.55	1006
3 18	1196.52	1010
3 2	1196.46	1007
3 16	1196.41	1008
3 4	1196.22	1006
3 20	1195.75	1010
1 4	1195.74	1011
3 22	1195.74	1010
3 8	1195.72	1005
3 28	1194.84	1006
1 2	1194.58	1008
1 6	1194.30	1007
3 54	1193.57	1006
3 40	1193.17	1009
3 14	1193.16	1003
3 30	1193.15	1003
3 24	1192.97	1004
1 10	1192.85	1004
3 38	1192.65	1006
3 44	1192.48	1004
3 48	1192.37	1006
3 34	1192.25	1005
3 32	1192.10	1000
1 26	1191.08	1008
3 36	1190.90	1004
1 14	1190.56	1005
3 62	1190.54	1004
3 42	1190.27	1005
1 20	1190.12	1002
3 52	1190.05	1005
1 30	1189.79	1009
1 48	1189.41	1009
1 18	1189.23	1002
3 60	1189.18	1013
1 22	1189.09	1003
1 36	1188.47	1004
1 8	1188.28	1000
1 24	1188.22	1004
1 32	1188.02	1006
3 58	1188.00	1001
1 28	1187.61	1003
1 58	1187.48	1005
1 56	1187.33	1003
1 46	1186.75	1005
1 40	1185.82	1003
1 60	1185.70	1003
1 50	1185.65	1002
1 52	1185.19	1002
1 34	1184.89	1001
1 38	1184.87	1001
3 26	1183.29	992
1 44	1177.11	994
1 0	1168.05	1013
2 22	1149.09	975
2 26	1145.46	974
2 60	1143.10	971
0 12	1130.86	959
0 10	1127.91	954
0 48	1125.43	950
3 10	1107.51	937
3 50	1107.49	934
1 16	1105.60	949
1 62	1100.66	947
3 56	1100.25	931
1 54	1095.66	940
0 0	1071.88	862
2 16	1067.00	921
2 34	1055.01	913
0 20	1047.66	898
0 60	1041.85	894
3 46	1021.60	878
1 12	1019.58	886
1 42	547.50	506
3 57	120.73	231
2 55	120.54	239
2 49	119.53	239
2 57	119.28	240
2 53	119.28	232
2 45	119.24	260
3 55	118.86	220
2 51	118.57	241
2 47	118.37	234
3 47	118.18	226
2 43	118.16	248
2 61	118.12	241
3 53	117.82	224
3 49	117.82	236
2 59	117.52	245
3 51	117.12	228
2 63	117.06	237
2 37	117.03	246
3 63	116.92	235
3 45	116.90	236
2 35	116.74	242
2 41	116.73	249
2 39	116.66	237
0 57	116.59	223
3 59	116.57	235
3 43	116.35	229
3 39	115.98	229
3 61	115.78	226
3 37	115.51	235
3 35	114.68	231
3 41	114.48	242
0 55	114.27	215
0 59	114.05	213
2 31	114.04	243
3 33	114.04	235
2 29	113.96	245
0 63	113.85	230
3 25	113.74	232
2 33	113.68	233
0 51	113.59	225
0 61	113.18	225
2 27	113.06	239
3 19	113.05	222
0 43	112.98	224
0 53	112.88	230
3 31	112.82	227
0 45	112.70	226
0 41	112.67	220
3 27	112.56	224
3 23	112.49	230
0 39	112.41	222
0 47	112.25	217
0 49	112.07	219
2 25	111.57	249
3 17	111.55	225
3 21	111.50	227
3 29	111.48	225
2 21	111.32	244
2 19	111.09	241
2 17	111.02	242
2 23	110.64	248
0 35	110.36	229
2 15	110.34	239
1 57	110.30	231
1 59	110.18	243
1 55	109.73	228
0 33	109.59	228
0 37	109.56	217
1 61	109.33	235
0 27	109.29	226
0 31	109.26	232
2 13	109.17	248
3 13	109.14	221
1 53	109.06	237
1 51	109.05	234
1 63	108.97	227
1 47	108.73	238
0 29	108.66	222
3 11	108.62	224
3 15	108.52	238
2 11	108.42	242
1 49	108.40	239
2 9	108.10	228
0 25	107.99	221
1 45	107.90	240
3 7	107.87	236
0 23	107.81	233
2 7	107.44	248
0 21	107.22	225
3 9	107.18	227
2 5	107.09	238
1 41	107.05	231
1 39	106.75	226
1 43	106.74	237
3 5	106.45	233
0 19	105.96	228
0 13	105.89	229
0 17	105.86	227
1 35	105.71	229
0 15	105.34	230
1 37	105.13	239
2 3	105.03	251
0 11	104.78	225
1 29	104.51	246
1 33	104.47	237
0 7	104.39	217
1 31	104.10	236
1 25	103.91	241
1 21	103.64	232
1 23	103.41	237
3 3	103.27	235
1 27	103.23	229
2 1	103.19	244
0 9	103.11	227
3 1	102.23	226
0 5	102.23	233
1 19	101.91	234
1 17	101.07	238
1 15	100.99	237
0 3	100.44	236
1 9	100.41	242
1 11	99.84	233
1 13	99.17	238
0 1	99.10	232
1 7	98.05	229
1 5	97.66	235
1 3	96.46	238
1 1	96.00	229
